1111111111111101
1111111111101011
1111111111011010
1111111111001011
1111111111000101
1111111111010010
1111111111111010
0000000000111110
0000000010010011
0000000011011111
0000000100000010
0000000011011010
0000000001010001
1111111101101110
1111111001010110
1111110101010001
1111110010111110
1111110011111101
1111111001010110
0000000011100011
0000010010000000
0000100011000111
0000110100100100
0001000011101001
0001001101110111
0001010001011111
0001001101110111
0001000011101001
0000110100100100
0000100011000111
0000010010000000
0000000011100011
1111111001010110
1111110011111101
1111110010111110
1111110101010001
1111111001010110
1111111101101110
0000000001010001
0000000011011010
0000000100000010
0000000011011111
0000000010010011
0000000000111110
1111111111111010
1111111111010010
1111111111000101
1111111111001011
1111111111011010
1111111111101011
1111111111111101

